Generated by GetData Graph Digitizer 2.24 on September 18 2023, 16:00
from file 'C:\Users\Josefina\OneDrive - fi.uba.ar\Papers en trabajo o terminados\Macroscopic ferromagnetism\3 - JOM\Vitro-Finemet\Vitroperm 800.jpg'

Line #1
 1.43580816346774e+001    1.16410256410256e+000
 1.40872885979269e+001    1.16410256410256e+000
 1.39325497197838e+001    1.16410256410256e+000
 1.35070178048901e+001    1.16410256410256e+000
 1.32745127213212e+001    1.15384615384615e+000
 1.30422060209294e+001    1.14871794871795e+000
 1.28100977037147e+001    1.14871794871795e+000
 1.25779893865000e+001    1.14871794871795e+000
 1.23845657888211e+001    1.14871794871795e+000
 1.20364033129991e+001    1.14871794871795e+000
 1.16491593512870e+001    1.13846153846154e+000
 1.14938253236126e+001    1.12307692307692e+000
 1.10296086891832e+001    1.12307692307692e+000
 1.07973019887914e+001    1.11794871794872e+000
 1.06034816247582e+001    1.10769230769231e+000
 1.04096612607251e+001    1.09743589743590e+000
 9.98393096265437e+000    1.09230769230769e+000
 9.55780389822943e+000    1.07692307692308e+000
 9.20924465605317e+000    1.06666666666667e+000
 8.86048703069980e+000    1.05128205128205e+000
 8.51192778852353e+000    1.04102564102564e+000
 8.31790904131330e+000    1.02564102564103e+000
 8.08520557456728e+000    1.01025641025641e+000
 7.85250210782126e+000    9.94871794871795e-001
 7.65868174378813e+000    9.84615384615385e-001
 7.50334771611367e+000    9.69230769230769e-001
 7.30932896890344e+000    9.53846153846154e-001
 7.15419332440609e+000    9.43589743589744e-001
 6.99885929673164e+000    9.28205128205128e-001
 6.80484054952140e+000    9.12820512820513e-001
 6.68819124138273e+000    8.97435897435897e-001
 6.57174031642117e+000    8.87179487179487e-001
 6.37772156921093e+000    8.71794871794872e-001
 6.29975698060804e+000    8.56410256410256e-001
 6.14442295293359e+000    8.41025641025641e-001
 5.98908892525914e+000    8.25641025641026e-001
 5.87263800029757e+000    8.15384615384615e-001
 5.75598869215890e+000    8.00000000000000e-001
 5.60065466448445e+000    7.84615384615385e-001
 5.48420373952289e+000    7.74358974358974e-001
 5.36755443138422e+000    7.58974358974359e-001
 5.17353568417398e+000    7.43589743589744e-001
 5.05688637603531e+000    7.28205128205128e-001
 4.90155234836086e+000    7.12820512820513e-001
 4.78510142339930e+000    7.02564102564103e-001
 4.66845211526063e+000    6.87179487179487e-001
 4.51311808758617e+000    6.71794871794872e-001
 4.43515349898329e+000    6.56410256410257e-001
 4.31870257402172e+000    6.46153846153846e-001
 4.20205326588305e+000    6.30769230769231e-001
 4.12408867728017e+000    6.15384615384615e-001
 3.96895303278282e+000    6.05128205128205e-001
 3.89098844417993e+000    5.89743589743590e-001
 3.77433913604126e+000    5.74358974358974e-001
 3.65768982790259e+000    5.58974358974359e-001
 3.57992362247682e+000    5.48717948717949e-001
 3.46327431433815e+000    5.33333333333333e-001
 3.34702177255369e+000    5.28205128205128e-001
 3.26905718395080e+000    5.12820512820513e-001
 3.11352477309924e+000    4.92307692307692e-001
 3.03575856767346e+000    4.82051282051282e-001
 2.91910925953479e+000    4.66666666666667e-001
 2.84114467093191e+000    4.51282051282051e-001
 2.72449536279323e+000    4.35897435897436e-001
 2.60804443783167e+000    4.25641025641026e-001
 2.49139512969300e+000    4.10256410256410e-001
 2.37474582155433e+000    3.94871794871795e-001
 2.33566433566434e+000    3.84615384615385e-001
 2.21901502752567e+000    3.69230769230769e-001
 2.14105043892278e+000    3.53846153846154e-001
 2.02459951396122e+000    3.43589743589743e-001
 1.90795020582255e+000    3.28205128205128e-001
 1.75241779497099e+000    3.07692307692308e-001
 1.63576848683232e+000    2.92307692307692e-001
 1.59629023458811e+000    2.71794871794872e-001
 1.47964092644944e+000    2.56410256410256e-001
 1.44075782373655e+000    2.51282051282051e-001
 1.32410851559788e+000    2.35897435897436e-001
 1.20765759063631e+000    2.25641025641026e-001
 1.12949461885632e+000    2.05128205128205e-001
 1.01304369389476e+000    1.94871794871795e-001
 8.96394385756087e-001    1.79487179487180e-001
 8.18429797153202e-001    1.64102564102564e-001
 7.40663591727422e-001    1.53846153846154e-001
 6.24212666765857e-001    1.43589743589744e-001
 5.07364975450082e-001    1.23076923076923e-001
 3.90715667311412e-001    1.07692307692308e-001
 3.12751078708526e-001    9.23076923076922e-002
 1.96101770569857e-001    7.69230769230769e-002
 7.92540792540777e-002    5.64102564102564e-002
 3.99742101869762e-002    4.10256410256411e-002
-1.15558200664584e-001    2.05128205128204e-002
-1.93522789267469e-001    5.12820512820511e-003
-3.09973714229034e-001   -5.12820512820511e-003
-3.87938302831920e-001   -2.05128205128206e-002
-5.04984377324803e-001   -4.61538461538461e-002
-6.21435302286367e-001   -5.64102564102564e-002
-6.99399890889254e-001   -7.17948717948718e-002
-7.77364479492139e-001   -8.71794871794872e-002
-9.32698507166593e-001   -1.02564102564103e-001
-9.71978376233695e-001   -1.17948717948718e-001
-1.08862768437237e+000   -1.33333333333333e-001
-1.20567375886525e+000   -1.58974358974359e-001
-1.32232306700392e+000   -1.74358974358974e-001
-1.40028765560680e+000   -1.89743589743590e-001
-1.51713534692258e+000   -2.10256410256410e-001
-1.67266775777414e+000   -2.30769230769231e-001
-1.75063234637703e+000   -2.46153846153846e-001
-1.82839855180281e+000   -2.56410256410256e-001
-1.94504785994148e+000   -2.71794871794872e-001
-2.06149878490304e+000   -2.82051282051282e-001
-2.13946337350593e+000   -2.97435897435897e-001
-2.25611268164460e+000   -3.12820512820513e-001
-2.37276198978327e+000   -3.28205128205128e-001
-2.48941129792194e+000   -3.43589743589744e-001
-2.56717750334772e+000   -3.53846153846154e-001
-2.64514209195060e+000   -3.69230769230769e-001
-2.76179140008927e+000   -3.84615384615385e-001
-2.91752219411794e+000   -4.10256410256410e-001
-3.03417150225661e+000   -4.25641025641026e-001
-3.18950552993106e+000   -4.41025641025641e-001
-3.34503794078262e+000   -4.61538461538462e-001
-3.42300252938551e+000   -4.76923076923077e-001
-3.53965183752418e+000   -4.92307692307692e-001
-3.69478748202152e+000   -5.02564102564103e-001
-3.81163517333730e+000   -5.23076923076923e-001
-3.92828448147597e+000   -5.38461538461538e-001
-4.04493378961464e+000   -5.53846153846154e-001
-4.20046620046620e+000   -5.74358974358974e-001
-4.39468333085354e+000   -5.94871794871795e-001
-4.55001735852800e+000   -6.10256410256410e-001
-4.70574815255666e+000   -6.35897435897436e-001
-4.82239746069533e+000   -6.51282051282051e-001
-4.93904676883400e+000   -6.66666666666667e-001
-5.05569607697267e+000   -6.82051282051282e-001
-5.17214700193424e+000   -6.92307692307692e-001
-5.28879631007291e+000   -7.07692307692308e-001
-5.40544561821158e+000   -7.23076923076923e-001
-5.52189654317314e+000   -7.33333333333333e-001
-5.63854585131181e+000   -7.48717948717949e-001
-5.75519515945048e+000   -7.64102564102564e-001
-5.87204285076625e+000   -7.84615384615385e-001
-6.06606159797649e+000   -8.00000000000000e-001
-6.22159400882805e+000   -8.20512820512820e-001
-6.37692803650250e+000   -8.35897435897436e-001
-6.53226206417696e+000   -8.51282051282051e-001
-6.64871298913852e+000   -8.61538461538462e-001
-6.80404701681297e+000   -8.76923076923077e-001
-6.92069632495164e+000   -8.92307692307692e-001
-7.03714724991321e+000   -9.02564102564103e-001
-7.27004909983633e+000   -9.23076923076923e-001
-7.42538312751079e+000   -9.38461538461538e-001
-7.54203243564946e+000   -9.53846153846154e-001
-7.69736646332391e+000   -9.69230769230769e-001
-7.89138521053415e+000   -9.84615384615385e-001
-8.04671923820860e+000   -1.00000000000000e+000
-8.20185488270595e+000   -1.01025641025641e+000
-8.35718891038040e+000   -1.02564102564103e+000
-8.51212617170064e+000   -1.03076923076923e+000
-8.74482963844666e+000   -1.04615384615385e+000
-9.05470416108714e+000   -1.05641025641026e+000
-9.32609234736894e+000   -1.07179487179487e+000
-9.67484997272231e+000   -1.08717948717949e+000
-9.98472449536279e+000   -1.09743589743590e+000
-1.04882209988593e+001   -1.11282051282051e+000
-1.11077716609632e+001   -1.12820512820513e+000
-1.16112681644597e+001   -1.14358974358974e+000
-1.19981153598175e+001   -1.14358974358974e+000
-1.25016118633140e+001   -1.15897435897436e+000
-1.30431979368150e+001   -1.15897435897436e+000
-1.35078113375986e+001   -1.16923076923077e+000
-1.39333432524922e+001   -1.16923076923077e+000
-1.43201904478500e+001   -1.16923076923077e+000
-7.89198036006547e+000   -1.00000000000000e+000
-7.65947527649655e+000   -9.89743589743590e-001
-7.42677180975053e+000   -9.74358974358974e-001
-7.23275306254030e+000   -9.58974358974359e-001
-7.07741903486584e+000   -9.43589743589744e-001
-6.92228339036850e+000   -9.33333333333333e-001
-6.72826464315826e+000   -9.17948717948718e-001
-6.61161533501959e+000   -9.02564102564103e-001
-6.45647969052224e+000   -8.92307692307692e-001
-6.26246094331201e+000   -8.76923076923077e-001
-6.18449635470912e+000   -8.61538461538462e-001
-6.06784704657045e+000   -8.46153846153846e-001
-5.95159450478599e+000   -8.41025641025641e-001
-5.83514357982443e+000   -8.30769230769231e-001
-5.71869265486287e+000   -8.20512820512820e-001
-5.64072806625998e+000   -8.05128205128205e-001
-5.52447552447552e+000   -8.00000000000000e-001
-5.40802459951396e+000   -7.89743589743590e-001
-5.29157367455240e+000   -7.79487179487179e-001
-5.21360908594951e+000   -7.64102564102564e-001
-5.09715816098795e+000   -7.53846153846154e-001
-4.98090561920349e+000   -7.48717948717949e-001
-4.90294103060060e+000   -7.33333333333333e-001
-4.78649010563904e+000   -7.23076923076923e-001
-4.66984079750037e+000   -7.07692307692308e-001
-4.55319148936170e+000   -6.92307692307692e-001
-4.43674056440014e+000   -6.82051282051282e-001
-4.35877597579725e+000   -6.66666666666667e-001
-4.24232505083569e+000   -6.56410256410256e-001
-4.12547735951991e+000   -6.35897435897436e-001
-4.04771115409413e+000   -6.25641025641026e-001
-3.93106184595546e+000   -6.10256410256410e-001
-3.81461092099390e+000   -6.00000000000000e-001
-3.69815999603234e+000   -5.89743589743590e-001
-3.62019540742945e+000   -5.74358974358974e-001
-3.50354609929078e+000   -5.58974358974359e-001
-3.42558151068789e+000   -5.43589743589744e-001
-3.30913058572633e+000   -5.33333333333333e-001
-3.19248127758766e+000   -5.17948717948718e-001
-3.07583196944899e+000   -5.02564102564103e-001
-2.95918266131032e+000   -4.87179487179487e-001
-2.88121807270743e+000   -4.71794871794872e-001
-2.76476714774587e+000   -4.61538461538462e-001
-2.64811783960720e+000   -4.46153846153846e-001
-2.57015325100431e+000   -4.30769230769231e-001
-2.45350394286564e+000   -4.15384615384615e-001
-2.33685463472697e+000   -4.00000000000000e-001
-2.25908842930119e+000   -3.89743589743590e-001
-2.18132222387541e+000   -3.79487179487179e-001
-2.06467291573675e+000   -3.64102564102564e-001
-1.94802360759808e+000   -3.48717948717949e-001
-1.90874373853097e+000   -3.33333333333333e-001
-1.79229281356941e+000   -3.23076923076923e-001
-1.71452660814363e+000   -3.12820512820513e-001
-1.59787730000496e+000   -2.97435897435897e-001
-1.51991271140207e+000   -2.82051282051282e-001
-1.44214650597629e+000   -2.71794871794872e-001
-1.36418191737341e+000   -2.56410256410256e-001
-1.24753260923474e+000   -2.41025641025641e-001
-1.13108168427317e+000   -2.30769230769231e-001
-1.05311709567029e+000   -2.15384615384615e-001
-9.36467787531617e-001   -2.00000000000000e-001
-7.81133759857164e-001   -1.84615384615385e-001
-7.03169171254277e-001   -1.69230769230769e-001
-6.25402965828497e-001   -1.58974358974359e-001
-5.47438377225610e-001   -1.43589743589744e-001
-4.30987452264048e-001   -1.33333333333333e-001
-3.53022863661161e-001   -1.17948717948718e-001
-2.75058275058274e-001   -1.02564102564103e-001
-1.58408966919605e-001   -8.71794871794872e-002
-8.06427614938254e-002   -7.69230769230769e-002
-2.87655606804549e-003   -6.66666666666667e-002
 7.50880325348398e-002   -5.12820512820513e-002
 1.53052621137729e-001   -3.58974358974359e-002
 2.30818826563508e-001   -2.56410256410257e-002
 3.08783415166394e-001   -1.02564102564102e-002
 4.64315826017954e-001    1.02564102564102e-002
 5.42280414620839e-001    2.56410256410256e-002
 6.58929722759510e-001    4.10256410256411e-002
 7.75579030898179e-001    5.64102564102564e-002
 8.14858899965284e-001    7.17948717948718e-002
 9.31508208103953e-001    8.71794871794871e-002
 1.00927441352973e+000    9.74358974358975e-002
 1.08723900213262e+000    1.12820512820513e-001
 1.16500520755840e+000    1.23076923076923e-001
 1.20408669344840e+000    1.33333333333333e-001
 1.32093438476417e+000    1.53846153846154e-001
 1.43758369290284e+000    1.69230769230769e-001
 1.51534989832862e+000    1.79487179487180e-001
 1.59331448693151e+000    1.94871794871795e-001
 1.70996379507018e+000    2.10256410256410e-001
 1.78773000049596e+000    2.20512820512821e-001
 1.90418092545752e+000    2.30769230769231e-001
 1.94326241134752e+000    2.41025641025641e-001
 2.05991171948619e+000    2.56410256410256e-001
 2.13767792491197e+000    2.66666666666667e-001
 2.17695779397907e+000    2.82051282051282e-001
 2.25472399940485e+000    2.92307692307692e-001
 2.37137330754352e+000    3.07692307692308e-001
 2.44933789614641e+000    3.23076923076923e-001
 2.56598720428508e+000    3.38461538461538e-001
 2.68243812924664e+000    3.48717948717949e-001
 2.76040271784953e+000    3.64102564102564e-001
 2.87685364281109e+000    3.74358974358974e-001
 2.95481823141398e+000    3.89743589743590e-001
 3.07146753955265e+000    4.05128205128205e-001
 3.18811684769132e+000    4.20512820512821e-001
 3.30476615582999e+000    4.35897435897436e-001
 3.38253236125577e+000    4.46153846153846e-001
 3.46029856668155e+000    4.56410256410256e-001
 3.57674949164311e+000    4.66666666666667e-001
 3.69320041660467e+000    4.76923076923077e-001
 3.77116500520756e+000    4.92307692307692e-001
 3.84912959381045e+000    5.07692307692308e-001
 4.00446362148490e+000    5.23076923076923e-001
 4.08222982691068e+000    5.33333333333333e-001
 4.15999603233646e+000    5.43589743589744e-001
 4.27664534047513e+000    5.58974358974359e-001
 4.35441154590091e+000    5.69230769230769e-001
 4.43217775132669e+000    5.79487179487179e-001
 4.51014233992957e+000    5.94871794871795e-001
 4.62659326489114e+000    6.05128205128205e-001
 4.78212567574270e+000    6.25641025641026e-001
 4.85989188116848e+000    6.35897435897436e-001
 4.97654118930715e+000    6.51282051282051e-001
 5.09299211426871e+000    6.61538461538462e-001
 5.20964142240738e+000    6.76923076923077e-001
 5.32629073054605e+000    6.92307692307692e-001
 5.44294003868472e+000    7.07692307692308e-001
 5.52070624411050e+000    7.17948717948718e-001
 5.63715716907206e+000    7.28205128205128e-001
 5.75360809403363e+000    7.38461538461539e-001
 5.83157268263651e+000    7.53846153846154e-001
 5.94802360759808e+000    7.64102564102564e-001
 6.02598819620096e+000    7.79487179487179e-001
 6.14243912116252e+000    7.89743589743590e-001
 6.25889004612409e+000    8.00000000000000e-001
 6.33685463472698e+000    8.15384615384615e-001
 6.41462084015276e+000    8.25641025641026e-001
 6.56975648465010e+000    8.35897435897436e-001
 6.60903635371720e+000    8.51282051282051e-001
 6.68660417596588e+000    8.56410256410256e-001
 6.80285671775033e+000    8.61538461538462e-001
 6.88062292317611e+000    8.71794871794872e-001
 6.95838912860189e+000    8.82051282051282e-001
 7.11372315627635e+000    8.97435897435897e-001
 7.26885880077369e+000    9.07692307692308e-001
 7.42419282844815e+000    9.23076923076923e-001
 7.61821157565839e+000    9.38461538461538e-001
 7.73466250061995e+000    9.48717948717949e-001
 7.92887963100729e+000    9.69230769230769e-001
 8.04513217279175e+000    9.74358974358974e-001
 8.16158309775331e+000    9.84615384615385e-001
 8.31671874225066e+000    9.94871794871795e-001
 8.43297128403511e+000    1.00000000000000e+000
 8.54942220899668e+000    1.01025641025641e+000
 8.70455785349402e+000    1.02051282051282e+000
 8.85969349799137e+000    1.03076923076923e+000
 9.01463075931161e+000    1.03589743589744e+000
 9.16996478698606e+000    1.05128205128205e+000
 9.32490204830630e+000    1.05641025641026e+000
 9.44135297326787e+000    1.06666666666667e+000
 9.55740713187522e+000    1.06666666666667e+000
 9.63497495412389e+000    1.07179487179487e+000
 9.79011059862124e+000    1.08205128205128e+000
 9.94504785994148e+000    1.08717948717949e+000
 1.00613004017259e+001    1.09230769230769e+000

Line #2
 1.43205872142042e+001    1.19487179487180e+000
 1.36242622625601e+001    1.19487179487180e+000
 1.30053067499876e+001    1.19487179487180e+000
 1.23476665178793e+001    1.19487179487180e+000
 1.17671973416654e+001    1.18974358974359e+000
 1.10317909041313e+001    1.17948717948718e+000
 1.03354659524872e+001    1.17948717948718e+000
 9.71651043991470e+000    1.17948717948718e+000
 9.09735654416505e+000    1.17435897435897e+000
 8.47840103159252e+000    1.17435897435897e+000
 7.85885036948867e+000    1.15897435897436e+000
 7.20101175420324e+000    1.15384615384615e+000
 6.46501016713783e+000    1.12820512820513e+000
 5.84526112185687e+000    1.10769230769231e+000
 5.14814263750434e+000    1.08717948717949e+000
 4.52819520904627e+000    1.06153846153846e+000
 3.83028319198532e+000    1.02051282051282e+000
 3.17105589446015e+000    9.79487179487180e-001
 2.55011655011655e+000    9.28205128205128e-001
 1.88969895352874e+000    8.56410256410256e-001
 1.19019987105093e+000    7.74358974358974e-001
 7.61493825323614e-001    6.92307692307692e-001
 2.54823190993402e-001    5.94871794871795e-001
-5.78286961265686e-002    5.12820512820513e-001
-3.70678966423647e-001    4.25641025641026e-001
-5.67276694936270e-001    3.43589743589743e-001
-6.87100133908645e-001    2.46153846153846e-001
-8.45013142885483e-001    1.64102564102564e-001
-9.64439815503646e-001    7.69230769230769e-002
-1.08386648812181e+000   -1.02564102564102e-002
-1.16441005802708e+000   -9.23076923076923e-002
-1.36120616971681e+000   -1.79487179487180e-001
-1.48083122551208e+000   -2.71794871794872e-001
-1.60025789813024e+000   -3.58974358974359e-001
-1.71948618757129e+000   -4.41025641025641e-001
-1.87779596290235e+000   -5.33333333333333e-001
-2.11327679412786e+000   -6.20512820512821e-001
-2.31007290581759e+000   -7.07692307692308e-001
-2.62292317611467e+000   -7.94871794871795e-001
-3.05162922184199e+000   -8.76923076923077e-001
-3.67395724842533e+000   -9.64102564102564e-001
-4.33377969548182e+000   -1.02051282051282e+000
-4.99320537618410e+000   -1.06666666666667e+000
-5.65223429053216e+000   -1.10256410256410e+000
-6.31086643852601e+000   -1.12820512820513e+000
-6.96890343698854e+000   -1.13846153846154e+000
-7.62713881862818e+000   -1.15384615384615e+000
-8.28497743391360e+000   -1.15897435897436e+000
-8.94321281555324e+000   -1.17435897435897e+000
-9.60105143083866e+000   -1.17948717948718e+000
-1.02588900461241e+001   -1.18461538461538e+000
-1.09165302782324e+001   -1.18461538461538e+000
-1.15358825571592e+001   -1.19487179487179e+000
-1.22322075088033e+001   -1.19487179487179e+000
-1.28900461240887e+001   -1.20000000000000e+000
-1.35090016366612e+001   -1.20000000000000e+000
-1.42053265883053e+001   -1.20000000000000e+000
-5.73000049595794e+000   -1.11282051282051e+000
-5.03268362842831e+000   -1.08717948717949e+000
-4.37405148043446e+000   -1.06153846153846e+000
-3.67613946337351e+000   -1.02051282051282e+000
-3.05539850220701e+000   -9.74358974358974e-001
-2.39577443832763e+000   -9.23076923076923e-001
-1.73555522491693e+000   -8.56410256410256e-001
-1.07474086197490e+000   -7.74358974358974e-001
-5.68665377176016e-001   -6.92307692307692e-001
-1.39562565094479e-001   -6.00000000000000e-001
 1.73486088379706e-001   -5.07692307692308e-001
 3.69885433715220e-001   -4.30769230769231e-001
 6.44249367653622e-001   -3.38461538461538e-001
 8.41045479343352e-001   -2.51282051282051e-001
 9.60670535138622e-001   -1.58974358974359e-001
 1.07989882457968e+000   -7.69230769230769e-002
 1.23801021673362e+000    1.02564102564102e-002
 1.31855378663889e+000    9.23076923076922e-002
 1.47646679561573e+000    1.74358974358974e-001
 1.59629023458811e+000    2.71794871794872e-001
 1.67703218767049e+000    3.58974358974359e-001
 1.79626047711154e+000    4.41025641025641e-001
 1.91588553290681e+000    5.33333333333333e-001
 2.18985270049100e+000    6.15384615384615e-001
 2.46381986807519e+000    6.97435897435897e-001
 2.73818380201359e+000    7.89743589743590e-001
 3.16708823091802e+000    8.76923076923077e-001
 3.75053315478847e+000    9.58974358974359e-001
 4.41035560184496e+000    1.01538461538462e+000
 5.06978128254724e+000    1.06153846153846e+000
 5.68992709418241e+000    1.09230769230769e+000
 6.34855924217626e+000    1.11794871794872e+000
 7.04567772652879e+000    1.13846153846154e+000
 7.70351634181421e+000    1.14358974358974e+000
 8.32306700391807e+000    1.15897435897436e+000
 8.98110400238060e+000    1.16923076923077e+000
 9.71631205673759e+000    1.17435897435897e+000

Line #3
 1.45155978773000e+001    1.23589743589744e+000
 1.43608589991569e+001    1.23589743589744e+000
 1.44382284382284e+001    1.23589743589744e+000
 1.42061201210137e+001    1.23589743589744e+000
 1.40126965233348e+001    1.23589743589744e+000
 1.38579576451917e+001    1.23589743589744e+000
 1.37032187670486e+001    1.23589743589744e+000
 1.35097951693696e+001    1.23589743589744e+000
 1.33550562912265e+001    1.23589743589744e+000
 1.31616326935476e+001    1.23589743589744e+000
 1.29682090958687e+001    1.23589743589744e+000
 1.27361007786540e+001    1.23589743589744e+000
 1.25426771809751e+001    1.23589743589744e+000
 1.23879383028319e+001    1.23589743589744e+000
 1.21945147051530e+001    1.23589743589744e+000
 1.20010911074741e+001    1.23589743589744e+000
 1.18076675097952e+001    1.23589743589744e+000
 1.16142439121163e+001    1.23589743589744e+000
 1.14208203144373e+001    1.23589743589744e+000
 1.12273967167584e+001    1.23589743589744e+000
 1.10726578386153e+001    1.23589743589744e+000
 1.08792342409364e+001    1.23589743589744e+000
 1.07244953627932e+001    1.23589743589744e+000
 1.06084412041859e+001    1.23589743589744e+000
 1.04537023260428e+001    1.23589743589744e+000
 1.03376481674354e+001    1.23589743589744e+000
 1.01829092892923e+001    1.23589743589744e+000
 9.98948569161335e+000    1.23589743589744e+000
 9.83474681347022e+000    1.23589743589744e+000
 9.68000793532708e+000    1.23589743589744e+000
 9.48658433764817e+000    1.23589743589744e+000
 9.33184545950504e+000    1.23589743589744e+000
 9.17710658136190e+000    1.23589743589744e+000
 8.94499826414720e+000    1.23589743589744e+000
 8.71288994693250e+000    1.23589743589744e+000
 8.59683578832515e+000    1.23589743589744e+000
 8.44209691018202e+000    1.23589743589744e+000
 8.28735803203888e+000    1.23589743589744e+000
 8.17130387343153e+000    1.23589743589744e+000
 8.05524971482418e+000    1.23589743589744e+000
 7.93919555621683e+000    1.23589743589744e+000
 7.82314139760948e+000    1.23589743589744e+000
 7.59103308039478e+000    1.23589743589744e+000
 7.47497892178743e+000    1.23589743589744e+000
 7.39760948271586e+000    1.23589743589744e+000
 7.20418588503695e+000    1.23589743589744e+000
 7.12681644596538e+000    1.23589743589744e+000
 7.04944700689382e+000    1.23589743589744e+000
 7.01076228735803e+000    1.23589743589744e+000
 6.85602340921490e+000    1.23589743589744e+000
 6.70128453107176e+000    1.23589743589744e+000
 6.54654565292863e+000    1.23589743589744e+000
 6.39180677478550e+000    1.23589743589744e+000
 6.23706789664237e+000    1.23589743589744e+000
 6.08232901849923e+000    1.23589743589744e+000
 5.92759014035610e+000    1.23589743589744e+000
 5.73416654267718e+000    1.23589743589744e+000
 5.54074294499826e+000    1.23589743589744e+000
 5.42468878639091e+000    1.23589743589744e+000
 5.23126518871200e+000    1.23589743589744e+000
 5.07652631056886e+000    1.23589743589744e+000
 4.88310271288995e+000    1.23589743589744e+000
 4.72836383474681e+000    1.23589743589744e+000
 4.53494023706790e+000    1.23589743589744e+000
 4.38020135892476e+000    1.23589743589744e+000
 4.22546248078163e+000    1.23589743589744e+000
 4.03203888310271e+000    1.23589743589744e+000
 3.91598472449536e+000    1.23589743589744e+000
 3.72256112681645e+000    1.23589743589744e+000
 3.60650696820910e+000    1.23589743589744e+000
 3.49045280960175e+000    1.23589743589744e+000
 3.33571393145861e+000    1.23589743589744e+000
 3.14229033377970e+000    1.23589743589744e+000
 3.02623617517235e+000    1.23589743589744e+000
 2.87149729702921e+000    1.23589743589744e+000
 2.71675841888608e+000    1.23589743589744e+000
 2.56201954074294e+000    1.23589743589744e+000
 2.21365868174379e+000    1.23076923076923e+000
 1.82681148638595e+000    1.23076923076923e+000
 1.55601844963547e+000    1.23076923076923e+000
 1.16897287110053e+000    1.22564102564103e+000
 1.09021474978922e+000    1.18974358974359e+000
 1.08862768437237e+000    1.14871794871795e+000
 1.00768734811288e+000    1.05641025641026e+000
 9.65431731389179e-001    9.64102564102564e-001
 9.62059217378366e-001    8.76923076923077e-001
 9.60273768784408e-001    8.30769230769231e-001
 9.58488320190448e-001    7.84615384615385e-001
 9.56702871596489e-001    7.38461538461539e-001
 9.55512572533850e-001    7.07692307692308e-001
 9.54123890294102e-001    6.71794871794872e-001
 9.52140058523037e-001    6.20512820512821e-001
 9.50552993106184e-001    5.79487179487179e-001
 9.49164310866440e-001    5.43589743589744e-001
 9.47775628626692e-001    5.07692307692308e-001
 9.46386946386946e-001    4.71794871794872e-001
 9.44998264147202e-001    4.35897435897436e-001
 8.66438526012994e-001    4.05128205128205e-001
 8.65049843773249e-001    3.69230769230769e-001
 8.64057927887716e-001    3.43589743589743e-001
 8.63066012002182e-001    3.17948717948718e-001
 8.62074096116650e-001    2.92307692307692e-001
 8.60685413876903e-001    2.56410256410256e-001
 8.59495114814264e-001    2.25641025641026e-001
 8.58106432574516e-001    1.89743589743590e-001
 8.56916133511877e-001    1.58974358974359e-001
 8.55130684917921e-001    1.12820512820513e-001
 8.53543619501068e-001    7.17948717948718e-002
 8.51956554084214e-001    3.07692307692307e-002
 7.73198432772901e-001   -5.12820512820511e-003
 7.71809750533155e-001   -4.10256410256410e-002
 7.70222685116302e-001   -8.20512820512821e-002
 7.68834002876556e-001   -1.17948717948718e-001
 7.67246937459703e-001   -1.58974358974359e-001
 7.65858255219957e-001   -1.94871794871795e-001
 7.64271189803106e-001   -2.35897435897436e-001
 7.63080890740467e-001   -2.66666666666667e-001
 7.61890591677826e-001   -2.97435897435897e-001
 7.22015573079402e-001   -3.28205128205128e-001
 7.20825274016763e-001   -3.58974358974359e-001
 7.19436591777017e-001   -3.94871794871795e-001
 7.18047909537272e-001   -4.30769230769231e-001
 7.16857610474634e-001   -4.61538461538462e-001
 7.15667311411991e-001   -4.92307692307692e-001
 7.15072161880672e-001   -5.07692307692308e-001
 7.14080245995138e-001   -5.33333333333333e-001
 7.12889946932499e-001   -5.64102564102564e-001
 7.11898031046967e-001   -5.89743589743590e-001
 7.10906115161434e-001   -6.15384615384615e-001
 7.09517432921690e-001   -6.51282051282051e-001
 7.07930367504837e-001   -6.92307692307692e-001
 7.07136834796408e-001   -7.12820512820513e-001
 7.05946535733769e-001   -7.43589743589744e-001
 6.27188414422458e-001   -7.79487179487179e-001
 5.87710162178247e-001   -8.00000000000000e-001
 5.86718246292715e-001   -8.25641025641026e-001
 5.85924713584287e-001   -8.46153846153846e-001
 5.84932797698755e-001   -8.71794871794872e-001
 5.84139264990329e-001   -8.92307692307692e-001
 5.83345732281904e-001   -9.12820512820513e-001
 5.82552199573476e-001   -9.33333333333333e-001
 5.81560283687942e-001   -9.58974358974359e-001
 5.80766750979517e-001   -9.79487179487179e-001
 5.79774835093986e-001   -1.00512820512821e+000
 5.78981302385557e-001   -1.02564102564103e+000
 5.78386152854238e-001   -1.04102564102564e+000
 5.77592620145813e-001   -1.06153846153846e+000
 5.76997470614490e-001   -1.07692307692308e+000
 5.76203937906065e-001   -1.09743589743590e+000
 5.75410405197639e-001   -1.11794871794872e+000
 5.74815255666319e-001   -1.13333333333333e+000
 5.74220106135000e-001   -1.14871794871795e+000
 5.73823339780786e-001   -1.15897435897436e+000
 4.96057134355006e-001   -1.16923076923077e+000
 4.56975648465010e-001   -1.17948717948718e+000
 4.17894162575013e-001   -1.18974358974359e+000
 3.40127957149235e-001   -1.20000000000000e+000
 2.23478649010564e-001   -1.21538461538462e+000
 3.01046471259237e-001   -1.21025641025641e+000
 1.45910826761890e-001   -1.22051282051282e+000
 6.83430045132187e-002   -1.22564102564103e+000
-8.63958736299164e-002   -1.22564102564103e+000
-2.02450032237266e-001   -1.22564102564103e+000
-3.18504190844616e-001   -1.22564102564103e+000
-4.34558349451967e-001   -1.22564102564103e+000
-5.50612508059317e-001   -1.22564102564103e+000
-6.66666666666666e-001   -1.22564102564103e+000
-8.21405544809799e-001   -1.22564102564103e+000
-9.37459703417151e-001   -1.22564102564103e+000
-1.05351386202450e+000   -1.22564102564103e+000
-1.13088330109607e+000   -1.22564102564103e+000
-1.16956802063185e+000   -1.22564102564103e+000
-1.32430689877498e+000   -1.22564102564103e+000
-1.47904577691812e+000   -1.22564102564103e+000
-1.67246937459703e+000   -1.22564102564103e+000
-1.78852353320439e+000   -1.22564102564103e+000
-1.94326241134752e+000   -1.22564102564103e+000
-2.17537072856222e+000   -1.22564102564103e+000
-2.33010960670535e+000   -1.22564102564103e+000
-2.56221792392005e+000   -1.22564102564103e+000
-2.79432624113475e+000   -1.22564102564103e+000
-3.02643455834945e+000   -1.22564102564103e+000
-3.25854287556415e+000   -1.22564102564103e+000
-3.52933591231464e+000   -1.22564102564103e+000
-3.72275950999355e+000   -1.22564102564103e+000
-3.91618310767247e+000   -1.22564102564103e+000
-4.14829142488717e+000   -1.22564102564103e+000
-4.30303030303030e+000   -1.22564102564103e+000
-4.61250805931657e+000   -1.22564102564103e+000
-4.84461637653127e+000   -1.22564102564103e+000
-4.99935525467440e+000   -1.22564102564103e+000
-5.19277885235332e+000   -1.22564102564103e+000
-5.46357188910380e+000   -1.22564102564103e+000
-5.69568020631850e+000   -1.22564102564103e+000
-6.00535634578188e+000   -1.23076923076923e+000
-6.27614938253236e+000   -1.23076923076923e+000
-6.50825769974706e+000   -1.23076923076923e+000
-6.74036601696176e+000   -1.23076923076923e+000
-6.97247433417646e+000   -1.23076923076923e+000
-7.24326737092695e+000   -1.23076923076923e+000
-7.47537568814165e+000   -1.23076923076923e+000
-7.74636710806924e+000   -1.23589743589744e+000
-7.97847542528394e+000   -1.23589743589744e+000
-8.28795318157020e+000   -1.23589743589744e+000
-8.59743093785647e+000   -1.23589743589744e+000
-8.98427813321430e+000   -1.23589743589744e+000
-9.33244060903635e+000   -1.23589743589744e+000
-9.68060308485840e+000   -1.23589743589744e+000
-1.00674502802162e+001   -1.23589743589744e+000
-1.04544958587512e+001   -1.24102564102564e+000
-1.09573972127164e+001   -1.24102564102564e+000
-1.14216138471458e+001   -1.24102564102564e+000
-1.16150374448247e+001   -1.24102564102564e+000
-1.19631999206467e+001   -1.24102564102564e+000
-1.23113623964688e+001   -1.24102564102564e+000
-1.26595248722908e+001   -1.24102564102564e+000
-1.29690026285771e+001   -1.24102564102564e+000
-1.32784803848634e+001   -1.24102564102564e+000
-1.34719039825423e+001   -1.24102564102564e+000
-1.37426970192928e+001   -1.24102564102564e+000
-1.40134900560432e+001   -1.24102564102564e+000
-1.42069136537222e+001   -1.24102564102564e+000
-1.43616525318653e+001   -1.24102564102564e+000
-1.44777066904726e+001   -1.24102564102564e+000
